1.469587026121E-02
1.616316416747E-02
1.576713226122E-02
1.406815601260E-02
1.598907823982E-02
1.306236625493E-02
1.407191471754E-02
1.324734830320E-02
1.123780334120E-02
1.267189374379E-02
9.522403960918E-03
1.010226193627E-02
9.034648518580E-03
6.755073159498E-03
7.901743213079E-03
4.635400476812E-03
4.952524878407E-03
3.827820922144E-03
2.870507312032E-03
3.694811521871E-03
2.683350508817E-03
9.730301561705E-04
1.786827451072E-03
3.924774994357E-03
3.803630310393E-03
5.823626334957E-03
5.296993403151E-03
6.171406195517E-03
8.215986405160E-03
6.758718464633E-03
9.551266540126E-03
8.697789757977E-03
9.248151495056E-03
1.085351063387E-02
9.087879768281E-03
1.139479117323E-02
1.018127725149E-02
1.029133723538E-02
1.143886025029E-02
9.304019754910E-03
1.110131106378E-02
9.531137494798E-03
9.174565968120E-03
9.922869058594E-03
7.409976366469E-03
8.786707171393E-03
6.894369881954E-03
6.165299916592E-03
6.605261909205E-03
3.975707917575E-03
4.900407736154E-03
2.777909388090E-03
1.856198260230E-03
2.732101457679E-03
2.920911321081E-03
2.278357823726E-03
2.091833261110E-03
3.036179752839E-03
3.058145983696E-03
5.671725970624E-03
4.690817387237E-03
6.755040376613E-03
7.568643974917E-03
7.242931410653E-03
9.821200796831E-03
8.676062002111E-03
1.043754156747E-02
1.099315860734E-02
1.037103294516E-02
1.258744698510E-02
1.114292502238E-02
1.249772291184E-02
1.270133878042E-02
1.168655767228E-02
1.348853418641E-02
1.166457716793E-02
1.259077080504E-02
1.239419478882E-02
1.098298646048E-02
1.236553515082E-02
