1.469587008039E-02
1.616316399212E-02
1.576713132329E-02
1.406815395677E-02
1.598907613721E-02
1.306236101632E-02
1.407190958069E-02
1.324734001041E-02
1.123779361754E-02
1.267188218224E-02
9.522388999333E-03
1.010224578072E-02
9.034629147049E-03
6.755051470035E-03
7.901719216612E-03
4.635374062876E-03
4.952495289337E-03
3.827790975621E-03
2.870504094916E-03
3.694801233748E-03
2.683363810900E-03
9.730295113063E-04
1.786865031053E-03
3.924817885510E-03
3.803663934241E-03
5.823670260694E-03
5.297033298291E-03
6.171445246244E-03
8.216028495596E-03
6.758751794725E-03
9.551305832796E-03
8.697819977467E-03
9.248181908807E-03
1.085353854846E-02
9.087899561160E-03
1.139481266932E-02
1.018128889054E-02
1.029134693333E-02
1.143886479426E-02
9.304016475875E-03
1.110130508853E-02
9.531123869910E-03
9.174545550251E-03
9.922845893042E-03
7.409942489149E-03
8.786670944185E-03
6.894327014975E-03
6.165247667079E-03
6.605211508915E-03
3.975674660634E-03
4.900345922486E-03
2.777839287065E-03
1.856124083054E-03
2.732073170456E-03
2.920938124639E-03
2.278374606496E-03
2.091922094759E-03
3.036268469158E-03
3.058210328057E-03
5.671820545089E-03
4.690900845182E-03
6.755131057995E-03
7.568729201785E-03
7.243012070705E-03
9.821284263025E-03
8.676134244391E-03
1.043761446769E-02
1.099322526025E-02
1.037109030930E-02
1.258750429911E-02
1.114296948565E-02
1.249776278315E-02
1.270137356944E-02
1.168657704877E-02
1.348855535298E-02
1.166458123884E-02
1.259077029729E-02
1.239418883689E-02
1.098296250220E-02
1.236551614226E-02
1.017082662710E-02
1.070727652308E-02
1.013554097241E-02
8.401619732026E-03
9.415350347001E-03
6.945563151342E-03
7.176493900523E-03
6.336900046009E-03
4.402409654767E-03
5.161929962174E-03
2.637834952751E-03
2.621227861729E-03
1.690744274400E-03
2.074439463348E-03
2.424752267126E-03
2.518644612220E-03
2.219792082118E-03
3.087705661507E-03
4.991823486086E-03
4.225034701544E-03
6.605666568762E-03
6.416673029326E-03
7.069142188922E-03
8.733396099257E-03
7.722050623253E-03
9.797393566998E-03
9.315985477984E-03
9.641610068996E-03
1.094468984429E-02
9.601130435068E-03
1.127829301770E-02
1.043070750468E-02
1.037266794840E-02
1.125985010522E-02
9.558794572805E-03
1.080784361464E-02
9.595401414652E-03
9.154318483482E-03
9.649338599418E-03
7.624831510285E-03
